SPEAKER         id       #SENT      #WORD       Corr        Sub        Ins        Del        Err      S.Err
21100130        raw        108       1513        516        961        150         36       1147        108
21100130        sys        108       1513      34.10      63.52       9.91       2.38      75.81     100.00
21100170        raw        108       1513        446       1011        128         56       1195        108
21100170        sys        108       1513      29.48      66.82       8.46       3.70      78.98     100.00
21100197        raw        108       1513        459       1022        197         32       1251        108
21100197        sys        108       1513      30.34      67.55      13.02       2.12      82.68     100.00
21100297        raw        108       1513        330       1022         46        161       1229        108
21100297        sys        108       1513      21.81      67.55       3.04      10.64      81.23     100.00
21100320        raw        108       1513        457       1003        143         53       1199        108
21100320        sys        108       1513      30.20      66.29       9.45       3.50      79.25     100.00
SUM             raw        540       7565       2208       5019        664        338       6021        540
SUM             sys        540       7565      29.19      66.35       8.78       4.47      79.59     100.00
